1294868
1687948
1627460
1457976
1802812
1814508
1821100
1424524
1648204
1774064
1684724
1825328
1590208
1777900
1788948
1284940
1725196
1576172
1854448
1687592
1827944
1762536
1797936
1824872
1819380
1756656
1675892
1714564
1661452
1701456
1684032
1784140
1719752
1537876
1669284
1687156
1550920
1745420
1897792
1679444
1914416
1671444
1839440
1771336
1670700
1733100
1725796
1858820
1722872
1863992
1896184
1666720
1793964
1833660
1483496
2031452
1765288
1736568
1710540
1650228
1738396
1606508
1723548
1664012
1444940
1746340
1641360
1739012
1970476
1691572
1992456
1777432
1469160
1409728
1503132
1505364
1607048
1432576
1962992
1488380
3179680
1700012
1582944
1469096
1777336
1375964
1725164
1869484
1493320
1793224
1398924
1504808
1445708
1748680
1887920
1585372
1719764
1704856
1670868
1813688
