1729596
1707524
1714768
1629752
1806036
1747336
1617348
1721640
1787736
1790612
1786516
1848940
1793628
1878272
2032952
1284572
1755356
1806732
1393560
1693232
1694468
1824376
1836952
1460500
1700368
1711804
1869660
1491252
1771524
1509076
1684328
1733124
1949644
1665976
1818612
1965900
1767972
1664124
1725932
1850696
1782196
1872580
1699972
1699368
1810512
1787032
1673836
1747564
1771152
1884500
1622552
1780780
1669004
1654152
1523820
1719608
1647680
1769776
1885464
2075472
1701088
1687424
1900720
1699092
1673936
1674840
1711756
1986528
1779404
1777752
1696348
1661140
1639500
1451704
1464012
1491296
1859816
1876368
1814012
1706820
1679288
1709960
1330956
1589368
1691236
1652640
1742240
1869612
1407608
1662728
1597248
1739424
1658560
1467536
1931916
1881436
1787436
1675160
1834812
1993664
