94362768
95261960
98550348
94536816
92544892
105776157
109462820
92467680
92368968
101110716
104594052
118191876
92457548
93000952
106789096
107175096
105407088
92953520
94317264
92777408
105177500
92485844
93336496
103261912
95302468
105244000
92341004
94511616
99804920
92837028
94623780
92759368
104076344
95780580
110001680
94876336
92702876
92955048
93042408
138800348
92693176
92840180
94028372
92459180
93041824
92543092
92422204
92924884
93422180
92378468
94466648
93107760
102927692
93244624
92623160
92421312
92375148
93701860
92517420
93463684
94322180
92484284
92879984
93282492
93682724
92869388
92559208
94061208
92781580
94637304
92991368
92970984
92964560
93189784
93120608
94480536
93009704
92490212
92576096
92453516
94196696
93212880
93726536
93068744
92656624
92834192
94286236
92966188
98106164
92703964
92825304
92758628
112035144
93019600
93338556
92927712
93168948
93264852
93068964
93177376
