11986108
12081960
12087372
12097444
12063440
12354368
12016100
12136356
12242760
11987132
12131032
12036324
12061760
11451512
12070888
12094292
12109500
12110384
12112360
11989924
11966572
12152844
12147076
11568016
12128872
11981588
12023460
12184672
12039536
16965716
12031776
12029096
12018192
12128288
12062600
12048064
11978192
12053976
12142568
12102252
12113020
12063928
12051972
11988800
11962828
12019428
13655584
12130052
12050984
12086896
12020276
12155740
12121496
11971360
13556036
12085896
11977524
12065688
11994356
12076728
12117852
11980476
12427060
12110060
12116668
12096536
12075936
12166216
11999116
12044956
12087092
12133084
12033544
12075932
11415084
12098592
12015236
12443804
14127716
11288292
11387420
12091132
12101216
12039908
12141616
12068304
12068164
12044128
12114800
12046784
11837036
15505288
12148980
12123784
11466004
15412800
12001820
12010416
12099660
12065400
