90481468
119213240
93614612
91913840
91915472
92121384
111877464
97994476
91908676
91362876
92053116
90949636
90512140
92282604
101705632
91787244
92243800
90799572
93176684
92775116
93019564
90929148
92303680
91132884
103073604
92387592
91623664
91260368
91387944
93407940
92896220
92148712
92393176
108746672
99042204
92279604
90684120
90878456
92283108
120385516
92083008
91050160
91210996
91392024
90770792
90688420
90764172
97174484
90467584
90511756
107722128
90976708
93089616
91305992
90477164
94533812
90911448
91615352
99121244
90726184
93161076
92110780
90640184
91560080
91260888
92994688
90778692
90839292
90565048
92578876
92558608
93365912
91278748
91172096
91973912
91805624
94234328
95730348
90744248
92278564
105386136
93828860
91803148
90586968
91046160
90959804
90470236
92481204
91916996
90918272
90522956
90676136
92785556
90920712
91063984
103359288
91782552
90519824
91809892
91230712
