92751320
93072092
100846776
93700976
94771476
101097360
97503476
92948032
92488076
92756944
93225524
126459204
92961584
92774140
96333680
92590372
174707244
93147780
93055892
92804740
101048820
127225368
93045044
93586148
110336652
93361528
109334068
94049032
92745416
95445484
95736560
92884988
93544084
102695708
92825668
128988520
92469200
92391096
96206024
92588240
99446052
92756628
93155620
92480456
92698768
92562980
94069792
92775808
99915148
92444504
94348024
108425676
92370964
93262924
92386280
93138764
92385312
94089480
93265204
92761016
103819988
92527800
92934356
95108064
92777044
92715136
92676220
103105720
92483512
94814516
92592708
92884008
96427828
93047800
92386744
92802436
92504356
92549208
93187336
92434128
99161436
92835232
94126764
92699668
92802744
92851272
92686636
92784376
103351460
93045964
92798412
92753988
93220268
93056024
93005520
92700252
102438008
92787512
92961932
93284868
