11989632
12029096
11979628
12030200
12064684
12084544
12118448
12047732
11996792
12946976
12122748
12071328
12009704
12107532
12053872
12076892
12027248
12035144
14344036
12067720
11992016
12142524
12034272
12017024
11975908
11337812
11388356
12202080
12028288
12020652
12566484
14178316
12066184
12086896
12034652
12003484
12060164
12733576
11994996
12124188
12025292
11214176
12052728
11981468
11982728
11996620
12102588
12025732
12052312
11965992
12766156
12150516
12446556
12366724
12009992
12130392
12002708
11964904
12089088
11275812
12057708
13116440
12218856
11976084
12063044
12037484
12040056
12083312
11205736
11811428
13586220
12002324
12130904
11992876
12150672
12026384
12175188
12033044
12060088
11989628
12239700
12065084
12065008
11981076
12019504
11992284
12022064
12016340
12036040
12308504
12031008
12046616
12003096
12058504
12146656
12087844
11965256
12087008
13867968
11999500
