12027532
14912276
12066380
12087496
12287524
12017240
12162760
12097324
12335196
12077208
12080740
11973568
12018248
12014720
12285336
12063156
12109164
12034092
12007320
12031648
12021152
12000824
12196724
12097216
12875476
12117436
12095584
11245092
12019020
15879076
12113828
12085404
12041272
12050952
12104624
12074172
12034744
12155296
12068548
12157328
12124080
12093924
12087028
12001284
12073752
11972488
11764272
12033836
11981264
11966416
12314284
14555524
12222768
12122600
12026616
12154876
12020260
12037480
12281536
12059324
12081324
12142956
11950120
12083664
12015560
12059056
12040172
12094316
11958728
12165248
12820468
12172432
12014768
12095560
12102924
12112088
12114884
11964764
12167316
11971924
12144388
12045884
11797700
12062508
11408196
12240856
11964196
11281356
12121684
12093284
11395448
19486346
12161748
12051564
12103516
12029352
12091700
12056076
12094860
11278804
