1890880
1973888
1667824
1770968
1690616
1669704
1831732
2028288
1841440
1342948
1775708
1727648
1741604
1992444
1379592
1767120
1866796
1690688
1341896
1717172
1831084
1963492
1819192
1679632
1830232
1790348
1409596
1687556
1737880
1684132
1646092
1329688
1730384
1845116
1314412
1712804
1430040
1818752
1369724
1924912
1704644
1751800
1710792
1821100
1650188
1790216
1379024
1712872
2098072
1447520
1883808
1865880
1914232
1674064
1695456
1790552
1905164
1694472
1592588
1726180
1751864
1458980
1844036
1636096
1529528
1414528
1929824
1757760
1539400
1775176
1720240
2596656
1436912
1697928
1681920
1830196
1532820
1759308
1702504
1481044
1487552
1476464
2081720
1468268
1466668
1488224
1523108
1791284
1705552
1850840
1799440
1822816
1551840
1474844
1674596
1713408
1817512
1615600
1838036
1702608
