1018508047
1022790168
1029709916
1012075036
1014555040
1006245628
1022869904
1012602777
1012307777
1033083454
1052621745
1016297712
1021117012
1020990160
1018165891
1017842718
1052890652
1035886988
1042753580
1036543256
1012366659
1023104182
1018983748
1007211936
1046283868
1028191108
1026041053
1005172069
1013211144
1037437140
1030394333
1031168908
1028969535
1035604992
1017256610
1013307268
1007629842
1035018528
1025031516
1016609104
1030500944
1024986262
1014645325
1023359060
1016149816
1037230340
1014225324
1007683266
1020342420
1041005175
 