997118076
1004879407
1001004772
1010053326
1016700013
995434832
1011525940
1051636662
1004422200
1019162198
1079406917
1010561908
1010332332
1006338109
998078512
1006965056
1017060220
1006279591
1004255428
998049612
1010588929
1015773985
1012163249
1017582772
1008979144
995975190
1020300099
1010200754
1046007048
1006060915
1022417168
1012980081
1003625786
1014122356
1018531235
1006226118
999106188
1016107925
1022573287
1008289656
1021958136
1029075480
1036370824
1013274712
1032386824
1000792772
1001915426
1007706076
998396640
1004649316
