1005038862
1000679128
1002371841
1000220348
996205480
1004533696
1010074918
1025776964
1012843901
1013506962
1006497800
1004368109
1020050821
1008460356
1007906536
1013312488
1114528388
1036140958
1013324779
1009228984
1041886774
1012803728
1011902044
1019728568
1026572400
1016990008
1014891784
1020950432
1044135606
1006498332
1015592340
1012833384
1028189228
1003575488
1006603208
1002163380
1031095333
1002911836
997672768
1014246316
1012721204
1077785644
1002921552
1051799812
1021285341
1011645630
1007805220
1009774351
1008307885
1058401152
